.3
7 # x
7 # y
7 # z

    0.0,    0.0,    0.0,    0.0,    0.0,    0.0,    0.0:
    0.0,    0.0,    0.0,    0.0,    0.0,    0.0,    0.0:
    0.0,    0.0,  100.0,    0.0,    0.0,    0.0,    0.0:
    0.0,    0.0,  100.0,    0.0,    0.0,    0.0,    0.0:
    0.0,    0.0,  100.0,    0.0,    0.0,    0.0,    0.0:
    0.0,    0.0,  100.0,  100.0,  100.0,  100.0,    0.0:
    0.0,    0.0,    0.0,    0.0,    0.0,    0.0,    0.0;
	
	0.0,    0.0,    0.0,    0.0,    0.0,    0.0,    0.0:
    0.0,    0.0,    0.0,    0.0,    0.0,    0.0,    0.0:
    0.0,    0.0,  100.0,    0.0,    0.0,    0.0,    0.0:
    0.0,    0.0,  100.0,    0.0,    0.0,    0.0,    0.0:
    0.0,    0.0,  100.0,    0.0,    0.0,    0.0,    0.0:
    0.0,    0.0,  100.0,  100.0,  100.0,  100.0,    0.0:
    0.0,    0.0,    0.0,    0.0,    0.0,    0.0,    0.0;

	0.0,    0.0,    0.0,    0.0,    0.0,    0.0,    0.0:
    0.0,    0.0,    0.0,    0.0,    0.0,    0.0,    0.0:
    0.0,    0.0,  100.0,    0.0,    0.0,    0.0,    0.0:
    0.0,    0.0,  100.0,    0.0,    0.0,    0.0,    0.0:
    0.0,    0.0,  100.0,    0.0,    0.0,    0.0,    0.0:
    0.0,    0.0,  100.0,  100.0,  100.0,  100.0,    0.0:
    0.0,    0.0,    0.0,    0.0,    0.0,    0.0,    0.0;
	
	0.0,    0.0,    0.0,    0.0,    0.0,    0.0,    0.0:
    0.0,    0.0,    0.0,    0.0,    0.0,    0.0,    0.0:
    0.0,    0.0,  100.0,    0.0,    0.0,    0.0,    0.0:
    0.0,    0.0,  100.0,    0.0,    0.0,    0.0,    0.0:
    0.0,    0.0,  100.0,    0.0,    0.0,    0.0,    0.0:
    0.0,    0.0,  100.0,  100.0,  100.0,  100.0,    0.0:
    0.0,    0.0,    0.0,    0.0,    0.0,    0.0,    0.0;
	
	0.0,    0.0,    0.0,    0.0,    0.0,    0.0,    0.0:
    0.0,    0.0,    0.0,    0.0,    0.0,    0.0,    0.0:
    0.0,    0.0,  100.0,    0.0,    0.0,    0.0,    0.0:
    0.0,    0.0,  100.0,    0.0,    0.0,    0.0,    0.0:
    0.0,    0.0,  100.0,    0.0,    0.0,    0.0,    0.0:
    0.0,    0.0,  100.0,  100.0,  100.0,  100.0,    0.0:
    0.0,    0.0,    0.0,    0.0,    0.0,    0.0,    0.0;
	
	0.0,    0.0,    0.0,    0.0,    0.0,    0.0,    0.0:
    0.0,    0.0,    0.0,    0.0,    0.0,    0.0,    0.0:
    0.0,    0.0,  100.0,    0.0,    0.0,    0.0,    0.0:
    0.0,    0.0,  100.0,    0.0,    0.0,    0.0,    0.0:
    0.0,    0.0,  100.0,    0.0,    0.0,    0.0,    0.0:
    0.0,    0.0,  100.0,  100.0,  100.0,  100.0,    0.0:
    0.0,    0.0,    0.0,    0.0,    0.0,    0.0,    0.0;
	
	0.0,    0.0,    0.0,    0.0,    0.0,    0.0,    0.0:
    0.0,    0.0,    0.0,    0.0,    0.0,    0.0,    0.0:
    0.0,    0.0,  100.0,    0.0,    0.0,    0.0,    0.0:
    0.0,    0.0,  100.0,    0.0,    0.0,    0.0,    0.0:
    0.0,    0.0,  100.0,    0.0,    0.0,    0.0,    0.0:
    0.0,    0.0,  100.0,  100.0,  100.0,  100.0,    0.0:
    0.0,    0.0,    0.0,    0.0,    0.0,    0.0,    0.0;